
test1 6.47
test2 7.89

	Answer		Calculated			Nearest Neighbor (11b)				B & B C++ (11c)						B & B C (11d)					Path
	------		----------			----------------------				---------------						-------------					----

5	  8387	 8387.0771			-																											1 2 5 4 3 1
6	  8607	 8607.4332			-																											1 2 6 5 4 3 1
7	  9498	 9498.2006			-																											1 2 6 5 4 7 3 1
8	  9765	 9765.1961			  0.01500000 seconds																						1 2 6 8 7 3 4 5 1
9	 10769	10769.2049			  0.04700000 seconds													 0.016 seconds						1 5 4 3 7 9 8 6 2 1
10	 12349	12349.9807			  0.32800001 seconds													 0.015 seconds						1 5 4 3 7 9 8 10 6 2 1
11	 12518	12518.0336			  3.60899997 seconds													 0.063 seconds						1 5 4 3 7 9 8 10 11 6 2 1
12	 13312	13312.6680			 47.42100143 seconds													 0.266 seconds						1 5 4 3 7 9 8 12 11 10 6 2 1
13	 14662	14662.0046			 11 minutes 38.71799850 seconds											 1.578 seconds						1 5 8 4 3 7 9 13 12 11 10 6 2 1
14	 16898	16898.1335				 								52 seconds							 8.203 seconds						1 5 8 4 3 7 9 14 13 12 11 10 6 2 1
15	 19269	19269.9360												 2 minutes 49 seconds				47.719 seconds						1 5 8 4 3 7 9 13 14 15 12 11 10 6 2 1
16	 22943	22943.1945												27 minutes 34 seconds				 8 minutes 19.265 seconds			1 2 6 10 11 12 15 16 14 13 9 7 3 4 8 5 1
17	 22953	22953.6441												 2 hours 8 minutes 35 seconds		22 minutes 4.453 seconds			1 2 6 10 11 12 15 17 16 14 13 9 7 3 4 8 5 1
18	 23005	23005.2171																					47 minutes 11.781 seconds			1 2 6 10 11 12 15 18 17 16 14 13 9 7 3 4 8 5 1
19	 23101	23101.9395																					2 hours 33 minutes 23.938 seconds	1 5 8 4 3 7 9 13 14 16 17 18 19 15 12 11 10 6 2 1
20	 23328

25	 26442	26442.7303																					 3.923 seconds						1 5 8 4 3 7 9 13 15 19 18 22 23 21 16 20 25 24 17 14 12 11 10 6 2 1


First half distance:							 = 14662.0046	(01 -> 13)
Second half distance:							 = 13175.0126	(13 -> 25)
-------------------------------------------------------------------------
Unconnected tour distance:						 = 27837.0172
-----------------------------------------------------------------
Subtract 11 -> 12 edge							 -  1314.2382
Subtract 14 -> 12 edge							 -  2330.2956
Add 11 -> 14									 +  2250.2469
												-----------------
												 = 26442.7303


20833.3333 17100.0000
20900.0000 17066.6667
21300.0000 13016.6667
21600.0000 14150.0000
21600.0000 14966.6667
21600.0000 16500.0000
22183.3333 13133.3333
22583.3333 14300.0000
22683.3333 12716.6667
23616.6667 15866.6667
23700.0000 15933.3333
23883.3333 14533.3333
24166.6667 13250.0000

  0.00000  74.53561 4109.91346 3047.99571 2266.91173 973.53882 4190.10080 3301.89340 4757.74220 3044.34818 3094.97805 3986.26115 5092.50543 
 74.53561   0.00000 4069.70515 2999.49073 2213.59436 900.61709 4137.39725 3238.52677 4701.35913 2969.89528 3020.66956 3913.82878 5023.74920 
4109.91346 4069.70515   0.00000 1172.36699 1972.94197 3496.22809 891.00439 1814.90736 1415.48967 3672.79793 3777.16085 2995.64492 2876.14714 
3047.99571 2999.49073 1172.36699   0.00000 816.66670 2350.00000 1172.13008 994.70819 1796.67899 2648.37481 2755.04585 2315.28732 2719.88565 
2266.91173 2213.59436 1972.94197 816.66670   0.00000 1533.33330 1923.89945 1188.01888 2497.22066 2208.38053 2311.80542 2324.08881 3087.83460 
973.53882 900.61709 3496.22809 2350.00000 1533.33330   0.00000 3416.82929 2409.76023 3935.38078 2113.77758 2175.11176 3013.53428 4141.28941 
4190.10080 4137.39725 891.00439 1172.13008 1923.89945 3416.82929   0.00000 1233.33336 650.85410 3086.34997 3184.38030 2202.27155 1986.76181 
3301.89340 3238.52677 1814.90736 994.70819 1188.01888 2409.76023 1233.33336   0.00000 1586.48805 1876.75850 1978.56569 1320.77418 1899.85385 
4757.74220 4701.35913 1415.48967 1796.67899 2497.22066 3935.38078 650.85410 1586.48805   0.00000 3285.36318 3373.50785 2177.21784 1576.30022 
3044.34818 2969.89528 3672.79793 2648.37481 2208.38053 2113.77758 3086.34997 1876.75850 3285.36318   0.00000 106.71867 1359.73859 2673.84454 
3094.97805 3020.66956 3777.16085 2755.04585 2311.80542 2175.11176 3184.38030 1978.56569 3373.50785 106.71867   0.00000 1411.95294 2723.61073 
3986.26115 3913.82878 2995.64492 2315.28732 2324.08881 3013.53428 2202.27155 1320.77418 2177.21784 1359.73859 1411.95294   0.00000 1314.23825 
5092.50543 5023.74920 2876.14714 2719.88565 3087.83460 4141.28941 1986.76181 1899.85385 1576.30022 2673.84454 2723.61073 1314.23825   0.00000 

Execution time: 1.250 seconds 
best route = 14662.0046
1 5 8 4 3 7 9 13 12 11 10 6 2 1

24166.6667 13250.0000
25149.1667 12365.8333
26133.3333 14500.0000
26150.0000 10550.0000
26283.3333 12766.6667
26433.3333 13433.3333
26550.0000 13850.0000
26733.3333 11683.3333
27026.1111 13051.9444
27096.1111 13415.8333
27153.6111 13203.3333
27166.6667 9833.3333
27233.3333 10450.0000

  0.00000 1321.76284 2330.29559 3350.16581 2171.14914 2274.06873 2457.69763 3007.02876 2866.29522 2934.13449 2987.30893 4546.82431 4152.64302 
1321.76284   0.00000 2350.15987 2073.38319 1202.91367 1669.92219 2040.85392 1724.93190 1998.41655 2212.03357 2172.37280 3237.87932 2830.93053 
2330.29559 2350.15987   0.00000 3950.03516 1739.81158 1108.05137 772.08234 2879.86307 1701.15173 1449.95121 1649.94282 4779.70250 4196.72491 
3350.16581 2073.38319 3950.03516   0.00000 2220.67310 2897.22085 3324.15403 1274.64588 2650.90483 3017.96732 2836.79623 1243.87392 1087.93889 
2171.14914 1202.91367 1739.81158 2220.67310   0.00000 683.33327 1115.67117 1173.07769 795.67721 1040.20432 973.68433 3063.44948 2503.88590 
2274.06873 1669.92219 1108.05137 2897.22085 683.33327   0.00000 432.69187 1775.52809 704.87092 663.00879 756.10853 3673.93221 3088.73398 
2457.69763 2040.85392 772.08234 3324.15403 1115.67117 432.69187   0.00000 2174.40927 929.28710 697.66615 884.60397 4063.72848 3467.98852 
3007.02876 1724.93190 2879.86307 1274.64588 1173.07769 1775.52809 2174.40927   0.00000 1399.57679 1770.07457 1577.03311 1900.07311 1330.83095 
2866.29522 1998.41655 1701.15173 2650.90483 795.67721 704.87092 929.28710 1399.57679   0.00000 370.56056 197.92637 3221.67864 2610.18308 
2934.13449 2212.03357 1449.95121 3017.96732 1040.20432 663.00879 697.66615 1770.07457 370.56056   0.00000 220.14200 3583.19471 2969.00608 
2987.30893 2172.37280 1649.94282 2836.79623 973.68433 756.10853 884.60397 1577.03311 197.92637 220.14200   0.00000 3370.02529 2754.48723 
4546.82431 3237.87932 4779.70250 1243.87392 3063.44948 3673.93221 4063.72848 1900.07311 3221.67864 3583.19471 3370.02529   0.00000 620.25983 
4152.64302 2830.93053 4196.72491 1087.93889 2503.88590 3088.73398 3467.98852 1330.83095 2610.18308 2969.00608 2754.48723 620.25983   0.00000 

Execution time: 2.547 seconds 
best route = 13175.0126
1 3 7 6 10 11 9 5 8 13 12 4 2 1

20833.3333 17100.0000
20900.0000 17066.6667
21300.0000 13016.6667
21600.0000 14150.0000
21600.0000 14966.6667
21600.0000 16500.0000
22183.3333 13133.3333
22583.3333 14300.0000
22683.3333 12716.6667
23616.6667 15866.6667
23700.0000 15933.3333
23883.3333 14533.3333
24166.6667 13250.0000
25149.1667 12365.8333
26133.3333 14500.0000
26150.0000 10550.0000
26283.3333 12766.6667
26433.3333 13433.3333
26550.0000 13850.0000
26733.3333 11683.3333
27026.1111 13051.9444
27096.1111 13415.8333
27153.6111 13203.3333
27166.6667 9833.3333
27233.3333 10450.0000

  0.00000  74.53561 4109.91346 3047.99571 2266.91173 973.53882 4190.10080 3301.89340 4757.74220 3044.34818 3094.97805 3986.26115 5092.50543 6406.14957 5903.38886 8436.19848 6962.77800 6693.61223 6575.92413 8009.38688 7398.46275 7266.04914 7424.95272 9639.27160 9229.43660 
 74.53561   0.00000 4069.70515 2999.49073 2213.59436 900.61709 4137.39725 3238.52677 4701.35913 2969.89528 3020.66956 3913.82878 5023.74920 6336.65940 5828.85541 8368.35975 6889.86774 6619.58375 6501.49557 7937.76139 7324.42710 7191.68807 7350.71403 9570.38263 9159.22425 
4109.91346 4069.70515   0.00000 1172.36699 1972.94197 3496.22809 891.00439 1814.90736 1415.48967 3672.79793 3777.16085 2995.64492 2876.14714 3903.80179 5055.82718 5441.22639 4989.60026 5150.21571 5315.72614 5594.54097 5726.21977 5809.83974 5856.58666 6674.68274 6464.69040 
3047.99571 2999.49073 1172.36699   0.00000 816.66670 2350.00000 1172.13008 994.70819 1796.67899 2648.37481 2755.04585 2315.28732 2719.88565 3972.38405 4546.82426 5801.93933 4883.36173 4886.17662 4959.08258 5695.22215 5536.10041 5544.92903 5633.71761 7044.24514 6739.76588 
2266.91173 2213.59436 1972.94197 816.66670   0.00000 1533.33330 1923.89945 1188.01888 2497.22066 2208.38053 2311.80542 2324.08881 3087.83460 4400.10439 4557.28961 6341.09176 5174.32226 5070.72205 5074.39105 6093.55307 5754.02843 5710.71987 5826.82941 7572.24471 7220.43781 
973.53882 900.61709 3496.22809 2350.00000 1533.33330   0.00000 3416.82929 2409.76023 3935.38078 2113.77758 2175.11176 3013.53428 4141.28941 5448.66209 4954.90775 7490.32710 5989.27277 5724.12049 5614.71282 7039.27474 6428.97885 6302.32667 6458.37500 8685.17260 8266.61624 
4190.10080 4137.39725 891.00439 1172.13008 1923.89945 3416.82929   0.00000 1233.33336 650.85410 3086.34997 3184.38030 2202.27155 1986.76181 3063.53130 4179.74615 4733.71478 4116.36301 4260.57508 4425.08635 4775.45809 4843.46167 4920.89341 4970.77071 5976.92327 5718.63424 
3301.89340 3238.52677 1814.90736 994.70819 1188.01888 2409.76023 1233.33336   0.00000 1586.48805 1876.75850 1978.56569 1320.77418 1899.85385 3213.17629 3555.62934 5175.28853 4005.13558 3946.34149 3992.11031 4906.06203 4614.74998 4598.57741 4700.01245 6399.84816 6036.96944 
4757.74220 4701.35913 1415.48967 1796.67899 2497.22066 3935.38078 650.85410 1586.48805   0.00000 3285.36318 3373.50785 2177.21784 1576.30022 2490.66626 3883.65519 4088.05854 3600.34721 3817.86734 4029.33689 4179.74615 4355.70088 4467.82294 4496.69078 5330.46807 5083.33335 
3044.34818 2969.89528 3672.79793 2648.37481 2208.38053 2113.77758 3086.34997 1876.75850 3285.36318   0.00000 106.71867 1359.73859 2673.84454 3821.56915 2863.80667 5889.37369 4089.14548 3722.19319 3559.68943 5216.69330 4421.19585 4255.95086 4427.56372 7000.25799 6513.10644 
3094.97805 3020.66956 3777.16085 2755.04585 2311.80542 2175.11176 3184.38030 1978.56569 3373.50785 106.71867   0.00000 1411.95294 2723.61073 3850.60260 2824.10257 5914.62403 4086.73321 3704.20179 3530.26594 5221.45678 4400.61553 4227.45513 4402.30958 7016.25099 6523.14252 
3986.26115 3913.82878 2995.64492 2315.28732 2324.08881 3013.53428 2202.27155 1320.77418 2177.21784 1359.73859 1411.95294   0.00000 1314.23825 2510.05786 2250.24690 4583.09089 2980.11927 2777.13882 2752.82685 4030.50865 3474.41583 3401.58014 3530.38481 5733.26070 5281.67690 
5092.50543 5023.74920 2876.14714 2719.88565 3087.83460 4141.28941 1986.76181 1899.85385 1576.30022 2673.84454 2723.61073 1314.23825   0.00000 1321.76284 2330.29559 3350.16581 2171.14914 2274.06873 2457.69763 3007.02876 2866.29522 2934.13449 2987.30893 4546.82431 4152.64302 
6406.14957 6336.65940 3903.80179 3972.38405 4400.10439 5448.66209 3063.53130 3213.17629 2490.66626 3821.56915 3850.60260 2510.05786 1321.76284   0.00000 2350.15987 2073.38319 1202.91367 1669.92219 2040.85392 1724.93190 1998.41655 2212.03357 2172.37280 3237.87932 2830.93053 
5903.38886 5828.85541 5055.82718 4546.82426 4557.28961 4954.90775 4179.74615 3555.62934 3883.65519 2863.80667 2824.10257 2250.24690 2330.29559 2350.15987   0.00000 3950.03516 1739.81158 1108.05137 772.08234 2879.86307 1701.15173 1449.95121 1649.94282 4779.70250 4196.72491 
8436.19848 8368.35975 5441.22639 5801.93933 6341.09176 7490.32710 4733.71478 5175.28853 4088.05854 5889.37369 5914.62403 4583.09089 3350.16581 2073.38319 3950.03516   0.00000 2220.67310 2897.22085 3324.15403 1274.64588 2650.90483 3017.96732 2836.79623 1243.87392 1087.93889 
6962.77800 6889.86774 4989.60026 4883.36173 5174.32226 5989.27277 4116.36301 4005.13558 3600.34721 4089.14548 4086.73321 2980.11927 2171.14914 1202.91367 1739.81158 2220.67310   0.00000 683.33327 1115.67117 1173.07769 795.67721 1040.20432 973.68433 3063.44948 2503.88590 
6693.61223 6619.58375 5150.21571 4886.17662 5070.72205 5724.12049 4260.57508 3946.34149 3817.86734 3722.19319 3704.20179 2777.13882 2274.06873 1669.92219 1108.05137 2897.22085 683.33327   0.00000 432.69187 1775.52809 704.87092 663.00879 756.10853 3673.93221 3088.73398 
6575.92413 6501.49557 5315.72614 4959.08258 5074.39105 5614.71282 4425.08635 3992.11031 4029.33689 3559.68943 3530.26594 2752.82685 2457.69763 2040.85392 772.08234 3324.15403 1115.67117 432.69187   0.00000 2174.40927 929.28710 697.66615 884.60397 4063.72848 3467.98852 
8009.38688 7937.76139 5594.54097 5695.22215 6093.55307 7039.27474 4775.45809 4906.06203 4179.74615 5216.69330 5221.45678 4030.50865 3007.02876 1724.93190 2879.86307 1274.64588 1173.07769 1775.52809 2174.40927   0.00000 1399.57679 1770.07457 1577.03311 1900.07311 1330.83095 
7398.46275 7324.42710 5726.21977 5536.10041 5754.02843 6428.97885 4843.46167 4614.74998 4355.70088 4421.19585 4400.61553 3474.41583 2866.29522 1998.41655 1701.15173 2650.90483 795.67721 704.87092 929.28710 1399.57679   0.00000 370.56056 197.92637 3221.67864 2610.18308 
7266.04914 7191.68807 5809.83974 5544.92903 5710.71987 6302.32667 4920.89341 4598.57741 4467.82294 4255.95086 4227.45513 3401.58014 2934.13449 2212.03357 1449.95121 3017.96732 1040.20432 663.00879 697.66615 1770.07457 370.56056   0.00000 220.14200 3583.19471 2969.00608 
7424.95272 7350.71403 5856.58666 5633.71761 5826.82941 6458.37500 4970.77071 4700.01245 4496.69078 4427.56372 4402.30958 3530.38481 2987.30893 2172.37280 1649.94282 2836.79623 973.68433 756.10853 884.60397 1577.03311 197.92637 220.14200   0.00000 3370.02529 2754.48723 
9639.27160 9570.38263 6674.68274 7044.24514 7572.24471 8685.17260 5976.92327 6399.84816 5330.46807 7000.25799 7016.25099 5733.26070 4546.82431 3237.87932 4779.70250 1243.87392 3063.44948 3673.93221 4063.72848 1900.07311 3221.67864 3583.19471 3370.02529   0.00000 620.25983 
9229.43660 9159.22425 6464.69040 6739.76588 7220.43781 8266.61624 5718.63424 6036.96944 5083.33335 6513.10644 6523.14252 5281.67690 4152.64302 2830.93053 4196.72491 1087.93889 2503.88590 3088.73398 3467.98852 1330.83095 2610.18308 2969.00608 2754.48723 620.25983   0.00000 

Sum of two tours: 27837.0172
Subtract 11 -> 12 edge: 1314.2382
Subtract 14 -> 12 edge: 2330.2956
Add 11 -> 14 edge: 2250.2469

Total tour distance: 26442.7303
